309
0
Au	250.0000	249.5230	261.2770
Au	250.0000	251.9390	259.9820
Au	252.2970	250.2690	259.9820
Au	251.4200	247.5690	259.9820
Au	248.5800	247.5690	259.9820
Au	247.7030	250.2690	259.9820
Au	250.0000	254.3830	258.5310
Au	254.6220	251.0250	258.5310
Au	252.8570	245.5910	258.5310
Au	247.1430	245.5910	258.5310
Au	245.3780	251.0250	258.5310
Au	250.0000	256.8290	257.0510
Au	256.9480	251.7820	257.0510
Au	254.2950	243.6120	257.0510
Au	245.7050	243.6120	257.0510
Au	243.0520	251.7820	257.0510
Au	250.0000	259.0330	255.4190
Au	259.0430	252.4630	255.4190
Au	255.5910	241.8300	255.4190
Au	244.4090	241.8300	255.4190
Au	240.9570	252.4630	255.4190
Au	252.3430	252.7470	258.6320
Au	253.7900	248.2910	258.6330
Au	250.0000	245.5370	258.6320
Au	246.2100	248.2910	258.6330
Au	247.6570	252.7470	258.6320
Au	252.3370	255.2060	257.1800
Au	256.1260	249.0560	257.1800
Au	251.4490	243.5520	257.1800
Au	244.7690	246.3000	257.1800
Au	245.3180	253.5030	257.1800
Au	254.6820	253.5030	257.1800
Au	255.2310	246.3000	257.1800
Au	248.5510	243.5520	257.1800
Au	243.8740	249.0560	257.1800
Au	247.6630	255.2060	257.1800
Au	252.2720	257.5290	255.6420
Au	258.3150	249.8370	255.6420
Au	252.8680	241.7110	255.6430
Au	243.4560	244.3830	255.6420
Au	243.0890	254.1580	255.6420
Au	254.5950	255.8480	255.6850
Au	257.4350	247.1080	255.6850
Au	250.0000	241.7050	255.6860
Au	242.5650	247.1080	255.6850
Au	245.4050	255.8480	255.6850
Au	256.9110	254.1580	255.6420
Au	256.5440	244.3830	255.6420
Au	247.1320	241.7110	255.6430
Au	241.6850	249.8370	255.6420
Au	247.7280	257.5290	255.6420
Au	250.0000	249.5230	258.6280
Au	250.0000	251.9940	257.2320
Au	252.3500	250.2860	257.2320
Au	251.4530	247.5230	257.2320
Au	248.5470	247.5230	257.2320
Au	247.6500	250.2860	257.2320
Au	250.0000	254.4310	255.7740
Au	254.6680	251.0400	255.7740
Au	252.8850	245.5520	255.7740
Au	247.1150	245.5520	255.7740
Au	245.3320	251.0400	255.7740
Au	250.0000	256.7830	254.2090
Au	256.9040	251.7670	254.2090
Au	254.2680	243.6490	254.2090
Au	245.7320	243.6490	254.2090
Au	243.0960	251.7670	254.2090
Au	252.3640	252.7770	255.8120
Au	253.8260	248.2800	255.8130
Au	250.0000	245.5000	255.8130
Au	246.1740	248.2800	255.8130
Au	247.6360	252.7770	255.8120
Au	252.3640	255.2020	254.2880
Au	256.1320	249.0300	254.2880
Au	251.4260	243.5380	254.2880
Au	244.7490	246.3180	254.2880
Au	245.3290	253.5270	254.2880
Au	254.6710	253.5270	254.2880
Au	255.2510	246.3180	254.2880
Au	248.5740	243.5380	254.2880
Au	243.8680	249.0300	254.2880
Au	247.6360	255.2020	254.2880
Au	250.0000	249.5220	255.7740
Au	250.0000	251.9760	254.3470
Au	252.3330	250.2810	254.3470
Au	251.4420	247.5380	254.3470
Au	248.5580	247.5380	254.3470
Au	247.6670	250.2810	254.3470
Au	250.0000	254.3720	252.8400
Au	254.6120	251.0210	252.8400
Au	252.8500	245.5990	252.8400
Au	247.1500	245.5990	252.8400
Au	245.3880	251.0210	252.8400
Au	252.3420	252.7460	252.8740
Au	253.7890	248.2910	252.8740
Au	250.0000	245.5380	252.8730
Au	246.2110	248.2910	252.8740
Au	247.6580	252.7460	252.8740
Au	250.0000	249.5220	252.9170
Au	250.0000	251.9540	251.4470
Au	252.3120	250.2740	251.4470
Au	251.4290	247.5550	251.4470
Au	248.5710	247.5550	251.4470
Au	247.6880	250.2740	251.4470
Au	250.0000	256.8460	251.4100
Au	256.9650	251.7860	251.4100
Au	254.3050	243.5970	251.4100
Au	245.6950	243.5970	251.4100
Au	243.0350	251.7860	251.4100
Au	250.0000	259.1460	252.7570
Au	259.1520	252.4970	252.7580
Au	255.6570	241.7370	252.7580
Au	244.3430	241.7370	252.7580
Au	240.8480	252.4970	252.7580
Au	252.4070	255.2750	251.4370
Au	256.2140	249.0110	251.4370
Au	251.4340	243.4540	251.4370
Au	244.6720	246.2830	251.4370
Au	245.2730	253.5890	251.4370
Au	254.7270	253.5890	251.4370
Au	255.3280	246.2830	251.4370
Au	248.5660	243.4540	251.4370
Au	243.7860	249.0110	251.4370
Au	247.5930	255.2750	251.4370
Au	252.3330	257.6670	252.8620
Au	258.4660	249.8200	252.8620
Au	252.9000	241.5620	252.8620
Au	243.3260	244.3050	252.8620
Au	242.9760	254.2590	252.8620
Au	254.6900	255.9780	252.8860
Au	257.5880	247.0570	252.8870
Au	250.0000	241.5430	252.8870
Au	242.4120	247.0570	252.8870
Au	245.3100	255.9780	252.8860
Au	257.0240	254.2590	252.8620
Au	256.6740	244.3050	252.8620
Au	247.1000	241.5620	252.8620
Au	241.5340	249.8200	252.8620
Au	247.6670	257.6670	252.8620
Au	250.0000	249.5220	250.0160
Au	250.0000	254.3980	250.0160
Au	254.6370	251.0290	250.0160
Au	252.8660	245.5780	250.0160
Au	247.1340	245.5780	250.0160
Au	245.3630	251.0290	250.0160
Au	250.0000	259.1610	250.0160
Au	259.1670	252.5010	250.0160
Au	255.6650	241.7250	250.0160
Au	244.3350	241.7250	250.0160
Au	240.8330	252.5010	250.0160
Au	252.3650	252.7780	250.0160
Au	253.8260	248.2790	250.0160
Au	250.0000	245.4990	250.0160
Au	246.1740	248.2790	250.0160
Au	247.6350	252.7780	250.0160
Au	252.3350	257.6850	250.0160
Au	258.4840	249.8240	250.0160
Au	252.9080	241.5470	250.0160
Au	243.3140	244.2920	250.0160
Au	242.9590	254.2660	250.0160
Au	254.7060	256.0000	250.0160
Au	257.6130	247.0490	250.0160
Au	250.0000	241.5170	250.0160
Au	242.3870	247.0490	250.0160
Au	245.2940	256.0000	250.0160
Au	257.0410	254.2660	250.0160
Au	256.6860	244.2920	250.0160
Au	247.0920	241.5470	250.0160
Au	241.5160	249.8240	250.0160
Au	247.6650	257.6850	250.0160
Au	250.0000	249.5240	238.7550
Au	250.0000	251.9390	240.0510
Au	252.2970	250.2700	240.0510
Au	251.4200	247.5690	240.0500
Au	248.5800	247.5690	240.0500
Au	247.7030	250.2700	240.0510
Au	250.0000	254.3840	241.5020
Au	254.6220	251.0260	241.5020
Au	252.8570	245.5920	241.5010
Au	247.1430	245.5920	241.5010
Au	245.3780	251.0260	241.5020
Au	250.0000	256.8300	242.9820
Au	256.9480	251.7820	242.9810
Au	254.2950	243.6130	242.9810
Au	245.7050	243.6130	242.9810
Au	243.0520	251.7820	242.9810
Au	250.0000	259.0330	244.6140
Au	259.0430	252.4630	244.6140
Au	255.5910	241.8310	244.6130
Au	244.4090	241.8310	244.6130
Au	240.9570	252.4630	244.6140
Au	252.3430	252.7480	241.4000
Au	253.7900	248.2920	241.4000
Au	250.0000	245.5380	241.4000
Au	246.2100	248.2920	241.4000
Au	247.6570	252.7480	241.4000
Au	252.3370	255.2060	242.8530
Au	256.1260	249.0570	242.8520
Au	251.4490	243.5520	242.8520
Au	244.7690	246.3010	242.8520
Au	245.3180	253.5030	242.8530
Au	254.6820	253.5030	242.8530
Au	255.2310	246.3010	242.8520
Au	248.5510	243.5520	242.8520
Au	243.8740	249.0570	242.8520
Au	247.6630	255.2060	242.8530
Au	252.2720	257.5290	244.3910
Au	258.3150	249.8380	244.3900
Au	252.8680	241.7120	244.3890
Au	243.4560	244.3830	244.3900
Au	243.0890	254.1590	244.3900
Au	254.5950	255.8490	244.3480
Au	257.4350	247.1080	244.3470
Au	250.0000	241.7060	244.3460
Au	242.5650	247.1080	244.3470
Au	245.4050	255.8490	244.3480
Au	256.9110	254.1590	244.3900
Au	256.5440	244.3830	244.3900
Au	247.1320	241.7120	244.3890
Au	241.6850	249.8380	244.3900
Au	247.7280	257.5290	244.3910
Au	250.0000	249.5230	241.4050
Au	250.0000	251.9950	242.8010
Au	252.3500	250.2870	242.8010
Au	251.4530	247.5240	242.8010
Au	248.5470	247.5240	242.8010
Au	247.6500	250.2870	242.8010
Au	250.0000	254.4310	244.2590
Au	254.6680	251.0410	244.2590
Au	252.8850	245.5520	244.2580
Au	247.1150	245.5520	244.2580
Au	245.3320	251.0410	244.2590
Au	250.0000	256.7830	245.8240
Au	256.9040	251.7670	245.8240
Au	254.2680	243.6500	245.8230
Au	245.7320	243.6500	245.8230
Au	243.0960	251.7670	245.8240
Au	252.3640	252.7780	244.2200
Au	253.8260	248.2800	244.2200
Au	250.0000	245.5000	244.2200
Au	246.1740	248.2800	244.2200
Au	247.6360	252.7780	244.2200
Au	252.3640	255.2030	245.7450
Au	256.1320	249.0300	245.7440
Au	251.4260	243.5390	245.7440
Au	244.7490	246.3180	245.7440
Au	245.3290	253.5270	245.7450
Au	254.6710	253.5270	245.7450
Au	255.2510	246.3180	245.7440
Au	248.5740	243.5390	245.7440
Au	243.8680	249.0300	245.7440
Au	247.6360	255.2030	245.7450
Au	250.0000	249.5230	244.2580
Au	250.0000	251.9760	245.6860
Au	252.3330	250.2810	245.6860
Au	251.4420	247.5380	245.6860
Au	248.5580	247.5380	245.6860
Au	247.6670	250.2810	245.6860
Au	250.0000	254.3720	247.1930
Au	254.6120	251.0220	247.1930
Au	252.8500	245.5990	247.1930
Au	247.1500	245.5990	247.1930
Au	245.3880	251.0220	247.1930
Au	252.3420	252.7460	247.1590
Au	253.7890	248.2920	247.1590
Au	250.0000	245.5380	247.1590
Au	246.2110	248.2920	247.1590
Au	247.6580	252.7460	247.1590
Au	250.0000	249.5230	247.1150
Au	250.0000	251.9540	248.5860
Au	252.3120	250.2740	248.5860
Au	251.4290	247.5560	248.5860
Au	248.5710	247.5560	248.5860
Au	247.6880	250.2740	248.5860
Au	250.0000	256.8460	248.6230
Au	256.9650	251.7860	248.6220
Au	254.3050	243.5970	248.6220
Au	245.6950	243.5970	248.6220
Au	243.0350	251.7860	248.6220
Au	250.0000	259.1470	247.2760
Au	259.1520	252.4970	247.2750
Au	255.6570	241.7370	247.2740
Au	244.3430	241.7370	247.2740
Au	240.8480	252.4970	247.2750
Au	252.4070	255.2750	248.5960
Au	256.2140	249.0110	248.5950
Au	251.4340	243.4540	248.5950
Au	244.6720	246.2840	248.5950
Au	245.2730	253.5900	248.5950
Au	254.7270	253.5900	248.5950
Au	255.3280	246.2840	248.5950
Au	248.5660	243.4540	248.5950
Au	243.7860	249.0110	248.5950
Au	247.5930	255.2750	248.5960
Au	252.3330	257.6670	247.1710
Au	258.4660	249.8210	247.1710
Au	252.9000	241.5630	247.1700
Au	243.3260	244.3060	247.1710
Au	242.9760	254.2590	247.1710
Au	254.6900	255.9790	247.1460
Au	257.5880	247.0570	247.1460
Au	250.0000	241.5440	247.1450
Au	242.4120	247.0570	247.1460
Au	245.3100	255.9790	247.1460
Au	257.0240	254.2590	247.1710
Au	256.6740	244.3060	247.1710
Au	247.1000	241.5630	247.1700
Au	241.5340	249.8210	247.1710
Au	247.6670	257.6670	247.1710
