-0.60347617533424902
-0.54207794040117641
-0.49203272106592122
-0.43220743276721829
-0.38011267963689122
-0.31856934667983783
-0.23794127488104966
-0.17463835806474615
-0.12012797777908579
-0.066938011167165357
-0.0056121351532159025
0.078194577388678077
0.13431486682865001
0.21729853926979104
0.30881550556217929
0.36609103259285858
0.46208187818373592
0.51699435151057038
0.56755933434501493
0.63257261097121864
0.68973181878552925
0.78242631552690423
0.88036229490541329
0.94497572054933654
1.0059713622786064
1.0696400128152139
1.1319880911347227
1.1983161374374189
1.2765109325480153
1.3375466008559478
1.4098127272012739
1.4654507076451804
1.5329802761620064
1.5873659067590649
1.6392971078829226
1.7081723024311453
1.7739526279267763
1.8360623140103347
1.8943848514563189
1.9633745456821394
2.0393951700764323
2.1022617600725617
2.1742004326574964
2.2725016424563313
2.3661199644891999
2.4280095896406984
2.519556888972224
2.5851283472876196
2.6710713543789177
2.7553811121013081
2.8135901129658034
2.8724816782073628
2.9377612654251029
3.021696732659886
3.0786373286010944
3.1436141229299706
3.2349753785604496
3.3313158411164134
3.4123268144228627
3.4884755824466178
3.5690091681492553
3.6587229401694614
3.7176048317875749
3.7772594192387219
3.8491762523078119
3.9155560092616706
3.976052580610657
4.0298212153198723
4.0970104440078057
4.1493034857136841
4.1994739209859837
4.2535605252921682
4.3086454960591674
4.3623072255522501
4.4160439777924427
4.4873910297127857
4.573389587095674
4.6672173613843082
4.7388498280465843
4.814589743412828
4.9037645471804439
4.985084125240812
5.045434645723363
5.1131752793162537
5.171042671655016
5.2311351160898916
5.2872436960234666
5.3406339226588555
5.398641804028145
5.5025561282707409
5.5675059026315408
5.617615598105191
5.6686443769183565
5.7313300796162743
5.8112758259736879
5.8740353666166065
5.9466605683366449
6.0025831201466424
6.1549575443142013
6.241157832815416
